207,1
237,27
266,53
293,81
322,108
351,133
382,150
415,150
447,137
477,106
504,78
533,52
562,26
592,0
351,165
351,195
352,224
351,255
352,283
352,313
354,342
352,371
351,398
352,399
321,427
320,340
288,312
260,281
260,253
289,225
320,194
384,150
386,179
382,208
382,237
384,264
384,295
384,323
385,352
384,381
415,380
415,351
415,322
415,293
415,266
415,236
415,208
415,178
448,162
447,194
447,224
447,253
447,281
447,310
447,339
447,368
447,398
476,426
478,340
478,194
508,225
536,253
537,280
508,310
477,340
