2,2
99,3
198,1
299,3
397,2
497,2
599,3
699,2
1,34
99,34
200,34
300,34
399,34
499,32
599,31
702,31
1,65
98,66
251,62
348,66
448,64
600,62
699,60
1,99
98,102
200,99
297,98
398,98
497,100
599,99
701,98
1,129
99,131
200,131
299,128
398,131
498,131
598,131
700,131
2,165
100,163
251,163
350,162
448,163
599,165
699,165
1,196
99,196
199,195
300,198
399,194
499,196
599,196
699,198
48,232
146,232
247,232
347,232
447,230
548,230
646,232
112,264
209,264
308,263
409,263
508,262
601,263
152,297
249,296
350,297
448,293
549,296
199,333
300,327
399,327
500,326
247,364
350,361
449,360
300,396
401,396