123,108
152,91
190,47
208,19
236,43
222,69
192,87
183,104
157,120
183,137
207,125
216,108
242,94
255,70
268,30
304,39
268,60
243,93
208,124
184,137
212,149
232,139
237,123
260,115
275,95
293,112
283,128
260,136
257,148
234,158
260,170
271,158
280,148
283,128
292,115
310,137
304,148
296,160
284,180
299,175
300,167
310,157
322,150
330,158
325,166
316,174
306,182
301,194
313,199
318,190
325,179
334,171
340,165
334,148
334,123
333,95
333,66
340,121
350,139
360,152
369,158
352,160
359,167
371,173
382,183
384,194
385,200
376,198
371,187
360,184
355,178
343,167
384,207
375,200
363,194
352,188
343,183
335,177
325,171
384,201
385,195
385,174
376,174
372,160
388,160
390,174
396,186
397,194
397,201
390,169
407,184
405,191
417,199
418,207
414,212
413,221
401,217
394,226
392,209
384,219
373,215
363,212
347,213
333,213
320,213
305,211
292,213
281,203
278,194
272,213
279,222
285,230
276,232
291,232
304,233
318,232
326,232
340,229
348,228
359,225
369,222
254,237
258,224
253,209
260,200
255,187
228,177
233,195
228,213
232,226
224,242
203,251
205,229
203,212
209,194
203,171
174,162
180,187
177,208
178,232
170,255
141,260
150,234
148,213
153,182
145,152
110,152
118,184
120,243
112,276
354,207
337,205
323,203
312,200
376,211
372,225
385,232
364,226
355,233
346,238
338,245
326,250
320,258
308,263
295,274
276,288
258,301
239,314
220,333
195,352
150,351
182,329
205,313
232,299
253,284
278,270
299,259
314,246
325,242
335,238
343,233
352,229
359,225
364,222
369,222
376,220
382,219
281,251
260,263
233,274
211,289
180,302
154,320
125,337
195,394
216,373
242,344
258,329
280,306
297,287
316,271
330,268
340,259
350,250
360,242
369,237
375,236
380,230
392,225
384,233
376,243
369,247
360,253
352,258
343,266
333,283
306,299
317,289
300,312
271,346
253,368
230,397
283,368
297,344
312,327
326,305
330,289
339,275
340,260
351,251
358,246
367,241
373,237
381,230
381,239
379,249
372,259
368,267
364,270
355,279
344,288
329,305
316,325
297,344
283,369
314,361
327,338
337,323
351,291
360,285
368,270
371,255
379,251
384,242
386,234
392,226
399,228
396,238
396,242
396,253
396,258
397,264
397,268
390,283
375,285
360,284
350,301
369,302
339,320
356,320
325,339
350,339
335,360
368,364
372,342
379,322
385,302
390,285
397,267
413,271
409,289
407,306
405,327
401,347
394,371
420,371
423,346
423,329
426,308
423,288
426,271
441,270
441,283
445,304
447,322
448,340
449,363
419,212
419,221
419,230
430,233
434,222
434,209
419,208
413,213
411,222
402,230
415,234
430,237
434,224
426,215
418,224
430,245
432,251
432,255
443,268
441,283
447,301
447,321
448,343
449,363
459,274
465,285
468,308
472,322
476,340
503,363
494,340
491,323
489,301
477,283
474,275
472,268
474,258
473,245
459,255
457,249
457,242
457,233
456,228
447,224
445,221
443,213
436,205
438,196
438,191
436,187
435,182
461,178
460,183
459,192
457,200
455,204
444,213
445,222
456,219
464,211
470,215
470,222
461,226
459,213
453,213
461,220
465,225
473,229
482,236
491,243
500,249
512,255
521,262
527,266
520,272
515,280
545,260
554,251
571,264
554,272
544,279
533,289
521,301
542,323
552,309
553,287
578,283
595,276
594,301
582,320
565,329
552,348
550,348
563,331
578,317
592,301
613,293
633,305
612,317
596,338
579,348
566,373
577,399
595,373
616,352
628,335
655,322
634,305
684,342
653,354
611,392
632,375
611,390
651,352
683,334
672,372
699,354
481,213
494,213
502,213
506,215
518,215
529,215
546,215
495,207
508,209
519,208
527,209
541,209
554,208
560,205
486,225
500,225
518,229
531,229
542,228
558,230
497,224
508,232
521,233
531,246
541,254
531,236
553,237
558,238
566,234
561,221
563,216
560,203
563,194
582,188
574,201
569,215
579,226
582,238
588,212
595,229
603,229
601,213
603,198
609,178
628,177
622,196
624,215
624,230
629,251
609,243
654,257
645,236
646,213
646,192
651,166
676,154
667,187
667,212
668,237
675,264
651,258
706,276
695,243
697,183
706,153
675,157
702,95
672,77
670,111
650,128
647,94
633,74
633,34
616,1
594,31
608,57
579,64
591,87
609,95
625,114
647,127
624,142
605,132
592,115
573,106
562,86
550,107
561,121
574,132
588,142
607,152
579,167
563,158
561,142
548,152
540,144
529,132
519,150
527,160
528,169
541,158
552,173
540,178
560,178
546,186
531,190
525,201
515,208
506,211
490,213
478,211
470,219
453,216
470,204
479,200
491,192
497,188
510,183
518,177
523,173
464,198
477,192
481,187
489,183
493,175
498,167
504,150
502,123
478,123
477,139
469,153
469,162
464,174
460,184
459,192
459,201
459,211
485,93
482,66
514,38
545,30
