1,13
99,14
199,13
297,15
398,13
498,10
598,11
697,13
1,43
97,41
200,48
299,47
399,47
499,43
596,44
699,47
2,77
98,77
200,78
300,80
402,82
499,81
598,78
700,78
1,112
98,110
199,111
300,115
399,111
498,110
599,112
701,112
2,145
97,146
200,146
302,148
399,146
498,148
598,146
699,145
3,182
103,182
195,186
297,183
398,186
499,182
598,180
697,180
2,215
100,213
198,217
299,220
398,220
499,215
599,213
701,215
2,249
97,249
198,249
299,251
397,253
499,247
598,245
700,246
2,280
97,280
195,280
300,283
398,281
498,280
598,280
700,278
2,313
97,312
199,314
300,316
401,314
499,312
598,312
701,312