48,36
150,36
250,40
351,40
447,39
549,39
650,39
1,70
99,70
199,72
299,72
399,72
500,70
598,70
699,72
1,104
99,102
200,104
299,104
401,104
498,104
599,104
699,106
1,141
99,137
198,137
500,136
599,135
701,136
1,173
98,173
196,171
503,170
598,173
701,169
1,204
100,203
198,204
299,204
399,203
498,204
599,201
699,203
1,237
98,236
199,238
499,237
598,238
700,238
1,270
99,271
199,270
499,267
600,270
701,271
1,302
100,302
199,304
300,302
401,301
499,302
599,306
699,305
1,334
99,334
199,334
300,333
398,333
498,333
598,334
700,334
51,367
146,369
249,371
347,372
447,372
548,369
646,371